00001
00002
00004
00006
00007
00008
00009
00010
00012
00013
00015
00019
00020
00021
00022
00024
00025
00026
00027
00031
00033
00034
00036
00037
00038
00040
00041
00045
00048
00050
00052
00054
00055
00056
00059
00060
00062
00063
00064
00065
00066
00067
00075
00076
00078
00079
00082
00089
00091
00093
00095
00096
00101
00104
00105
00106
00107
00108
00118
00120
00121
00122
00123
00124
00126
00127
00134
00136
00138
00140
00145
00147
00148
00153
00158
00168
00171
00172
00173
00175
00176
00177
00181
00183
00192
00195
00196
00209
00213
00214
00218
00219
00220
00226
00231
00233
00240
00241
00244
00247
00249
00259
00264
00270
00271
00274
00278
00279
00281
00284
00294
00297
00302
00303
00305
00306
00308
00314
00318
00332
00347
00354
00359
00369
00383
00384
00393
00394
00396
00413
00415
00417
00418
00435
00436
00437
00438
00439
00443
00444
00445
00451
00453
00456
00458
00461
00462
00463
00464
00465
00468
00469
00470
00471
00473
00481
00482
00483
00485
00486
00487
00489
00492
00493
00499
00500
00501
00507
00510
00512
00513
00514
00516
00518
00519
00520
00521
00524
00526
00529
00530
00531
00532
00533
00535
00537
00538
00540
00542
00543
00544
00548
00551
00558
00562
00563
00568
00572
00574
00576
00577
00578
00589
00590
00591
00594
00595
00597
00601
00603
00604
00605
00606
00609
00610
00612
00613
00614
00615
00616
00618
00620
00622
00624
00626
00627
00628
00629
00631
00633
00635
00637
00639
00640
00641
00642
00644
00653
00655
00656
00658
00659
00660
00661
00662
00663
00664
00665
00666
00667
00668
00674
00675
00680
00681
00682
00683
00684
00685
00686
00687
00688
00693
00694
00695
00696
00705
00706
00707
00708
00709
00710
00711
00712
00713
00714
00715
00717
00719
00720
00722
00725
00728
00732
00733
00734
00735
00736
00737
00738
00739
00740
00742
00746
00748
00750
00751
00753
00761
00762
00763
00764
00765
00766
00767
00768
00769
00770
00771
00772
00774
00776
00778
00783
00784
00785
00786
00787
00788
00789
00790
00791
00792
00793
00794
00795
00796
00797
00798
00799
00800
00801
00802
00804
00805
00808
00812
00813
00815
00816
00818
00822
00823
00824
00825
00826
00827
00828
00830
00831
00832
00833
00834
00841
00842
00843
00844
00845
00855
00858
00862
00863
00865
00866
00867
00870
00872
00875
00876
00878
00884
00885
00887
00888
00892
00893
00894
00898
00899
00900
00901
00905
00906
00908
00909
00910
00913
00914
00915
00916
00918
00927
00928
00932
00933
00934
00935
00936
00937
00938
00939
00940
00941
00942
00943
00948
00949
00950
00955
00957
00959
00960
00961
00967
00969
00977
00978
00988
00989
00990
00991
00992
00993
00999
01000
01021
01022
01024
01027
01028
01029
01030
01031
01032
01033
01034
01035
01036
01038
01039
01043
01044
01046
01047
01049
01050
01052
01053
01054
01055
01056
01057
01058
01059
01060
01061
01062
01063
01064
01065
01066
01067
01068
01069
01070
01071
01072
01073
01074
01075
01076
01077
01078
01079
01080
01081
01082
01083
01084
01085
01086
01087
01088
01089
01090
01091
01092
01093
01094
01095
01096
01097
01103
01105
01106
01110
01111
01112
01113
01114
01115
01116
01117
01121
01122
01125
01126
01129
01130
01131
01140
01141
01142
01143
01145
01147
01148
01149
01150
01151
01152
01153
01159
01160
01161
01165
01167
01168
01169
01170
01173
01174
01175
01176
01178
01190
01192
01193
01194
01196
01197
01198
01199
01200
01201
01202
01203
01204
01205
01207
01211
01214
01215
01216
01217
01218
01219
01220
01221
01222
01223
01224
01225
01226
01227
01228
01229
01230
01231
01232
01235
01247
01254
01256
01257
01258
01260
01261
01262
01263
01264
01266
01269
01273
01274
01275
01276
01278
01279
01283
01284
01285
01286
01291
01292
01293
01294
01295
01301
01305
01306
01307
01308
01309
01310
01311
01312
01315
01316
01320
01324
01330
01331
01332
01333
01334
01335
01336
01341
01342
01345
01346
01347
01348
01349
01350
01351
01352
01353
01354
01355
01356
01357
01358
01359
01360
01361
01362
01363
01365
01369
01370
01371
01372
01373
01376
01381
01382
01383
01384
01388
01389
01390
01391
01392
01394
01397
01398
01399
01402
01404
01405
01406
01407
01409
01410
01411
01412
01414
01415
01416
01417
01424
01426
01429
01430
01433
01435
01453
01454
01455
01456
01458
01459
01460
01461
01464
01466
01469
01471
01472
01473
01474
01475
01476
01477
01478
01479
01480
01481
01482
01486
01488
01489
01492
01493
01494
01495
01496
01497
01498
01501
01504
01505
01506
01509
01510
01511
01513
01514
01515
01516
01517
01518
01519
01520
01522
01523
01524
01525
01526
01527
01528
01529
01530
01531
01532
01533
01534
01535
01536
01537
01538
01539
01540
01542
01543
01545
01546
01547
01548
01549
01551
01552
01554
01555
01557
01558
01559
01560
01561
01562
01563
01565
01567
01568
01569
01570
01573
01574
01575
01576
01578
01579
01581
01582
01583
01584
01585
01586
01587
01588
01589
01590
01591
01592
01593
01594
01595
01600
01601
01602
01603
01604
01608
01609
01614
01615
01616
01617
01618
01619
01620
01621
01622
01623
01624
01625
01626
01627
01628
01629
01635
01636
01637
01638
01639
01640
01642
01643
01644
01645
01646
01647
01648
01649
01650
01651
01652
01653
01654
01657
01658
01659
01660
01661
01662
01663
01664
01665
01666
01667
01668
01669
01670
01671
01672
01673
01674
01675
01680
01681
01682
01683
01684
01685
01686
01687
01688
01689
01690
01691
01692
01693
01694
01695
01696
01697
01698
01699
01700
01701
01702
01703
01704
01706
01707
01708
01709
01710
01712
01714
01715
01716
01717
01718
01719
01720
01721
01722
01723
01724
01725
01726
01727
01728
01729
01730
01731
01732
01733
01734
01735
01736
01737
01739
01740
01741
01742
01758
01766
01769
01780
01783
01791
01792
01793
01804
01807
01811
01818
01819
01823
01824
01825
01826
01827
01828
01829
01830
01831
01832
01833
01834
01839
01840
01841
01842
01846
01847
01848
01849
01850
01856
01858
01859
01860
01861
01863
01864
01865
01866
01867
01868
01869
01870
01873
01875
01876
01877
01880
01884
01886
01888
01889
01892
01894
01900
01905
01906
01908
01919
01920
01921
01922
01923
01939
01945
01946
01950
01953
01956
01960
01961
01968
01982
01983
01984
01985
01987
01988
02000
02001
02002
02004
02005
02007
02009
02013
02014
02015
02016
02017
02020
02022
02024
02025
02027
02029
02030
02032
02033
02038
02039
02042
02046
02047
02052
02053
02054
02055
02057
02059
02060
02061
02062
02063
02064
02065
02066
02067
02069
02070
02071
02072
02073
02074
02075
02081
02082
02084
02085
02086
02087
02088
02089
02091
02092
02099
02100
02102
02107
02108
02111
02116
02117
02118
02119
02120
02121
02122
02124
02125
02126
02127
02128
02132
02142
02144
02146
02150
02160
02164
02166
02167
02168
02169
02170
02171
02175
02176
02177
02178
02179
02180
02181
02182
02183
02184
02185
02187
02190
02191
02206
02207
02208
02209
02210
02214
02215
02216
02217
02218
02227
02228
02230
02231
02235
02237
02238
02239
02241
02244
02252
02253
02254
02255
02256
02257
02258
02259
02260
02261
02262
02264
02279
02280
02281
02282
02283
02284
02285
02286
02287
02289
02294
02306
02307
02315
02316
02317
02318
02321
02322
02323
02324
02325
02327
02328
02330
02331
02332
02335
02340
02341
02342
02345
02347
02348
02350
02351
02352
02354
02355
02356
02357
02358
02361
02366
02367
02368
02369
02370
02373
02374
02378
02384
02385
02387
02388
02390
02392
02399
02400
02403
02404
02405
02415
02417
02418
02419
02421
02423
02426
02427
02428
02430
02432
02433
02436
02439
02441
02442
02446
02447
02448
02449
02451
02453
02456
02458
02459
02460
02461
02462
02463
02464
02465
02466
02467
02468
02469
02470
02471
02472
02473
02474
02475
02476
02477
02478
02479
02480
02482
02483
02484
02486
02489
02490
02491
02492
02493
02494
02495
02496
02497
02507
02510
02517
02518
02519
02520
02521
02522
02526
02527
02529
02530
02531
02532
02533
02534
02535
02536
02537
02538
02542
02547
02548
02549
02551
02553
02557
02559
02560
02561
02563
02564
02565
02570
02571
02572
02573
02574
02575
02582
02585
02588
02590
02594
02595
02601
02602
02603
02604
02605
02606
02611
02619
02629
02647
02651
02660
02661
02664
02665
02677
02679
02680
02683
02685
02686
02690
02691
02696
02698
02699
02700
02704
02705
02706
02707
02709
02710
02711
02716
02717
02722
02723
02724
02727
02728
02729
02730
02731
02735
02737
02739
02741
02742
02750
02751
02752
02753
02755
02756
02767
02768
02772
02773
02774
02776
02782
02783
02788
02796
02798
02800
02801
02802
02803
02804
02805
02808
02816
02817
02818
02819
02820
02821
02822
02823
02825
02827
02832
02841
02842
02843
02844
02845
02846
02847
02848
02849
02852
02854
02855
02856
02857
02863
02864
02874
02876
02877
02878
02880
02881
02883
02884
02885
02889
02890
02891
02892
02893
02894
02895
02896
02898
02899
02901
02903
02905
02906
02907
02908
02909
02910
02911
02912
02913
02916
02918
02920
02921
02922
02923
02925
02928
02929
02930
02931
02932
02933
02934
02935
02936
02937
02938
02939
02940
02941
02942
02944
02945
02946
02947
02948
02949
02950
02951
02952
02957
02961
02965
02967
02969
02970
02971
02972
02974
02976
02977
02978
02979
02980
02981
02982
02983
02988
02989
02990
02991
02992
02993
02994
02996
02997
03004
03005
03048
03051
03053
03056
03059
03060
03065
03066
03068
03069
03071
03072
03073
03076
03079
03080
03083
03084
03088
03089
03090
03091
03092
03093
03098
03099
03100
03101
03102
03106
03107
03108
03109
03110
03111
03113
03115
03119
03120
03121
03122
03123
03125
03126
03127
03135
03136
03137
03138
03139
03140
03141
03142
03143
03144
03145
03146
03147
03148
03149
03150
03151
03152
03153
03154
03155
03159
03165
03166
03170
03171
03172
03173
03174
03175
03181
03183
03185
03186
03187
03190
03191
03194
03195
03196
03197
03198
03199
03200
03201
03203
03204
03205
03206
03207
03208
03209
03210
03211
03214
03215
03216
03217
03218
03219
03220
03221
03222
03224
03225
03226
03228
03231
03232
03238
03243
03245
03246
03247
03248
03254
03255
03256
03257
03258
03263
03264
03265
03266
03267
03268
03269
03270
03272
03273
03275
03276
03279
03280
03282
03283
03284
03289
03290
03294
03295
03296
03297
03298
03299
03300
03303
03304
03305
03306
03307
03311
03312
03316
03321
03322
03327
03328
03329
03330
03340
03342
03343
03344
03345
03346
03353
03354
03358
03363
03365
03367
03368
03369
03370
03371
03373
03374
03375
03377
03378
03380
03381
03382
03383
03386
03387
03394
03395
03406
03408
03409
03410
03411
03412
03413
03414
03415
03416
03417
03418
03419
03420
03421
03422
03423
03424
03425
03426
03427
03428
03429
03430
03431
03432
03433
03434
03437
03438
03439
03442
03445
03446
03452
03453
03454
03457
03473
03478
03479
03482
03485
03487
03489
03490
03497
03502
03503
03508
03509
03510
03511
03513
03514
03515
03520
03521
03522
03526
03528
03539
03541
03542
03547
03549
03551
03552
03553
03556
03558
03561
03562
03580
03582
03583
03590
03593
03594
03597
03599
03600
03602
03603
03609
03612
03613
03615
03616
03620
03621
03622
03623
03627
03628
03629
03633
03634
03635
03636
03639
03644
03645
03650
03651
03652
03653
03654
03657
03658
03660
03661
03662
03663
03664
03671
03686
03687
03689
03690
03691
03692
03693
03694
03700
03703
03704
03705
03706
03708
03710
03711
03712
03713
03714
03715
03716
03717
03718
03719
03720
03726
03728
03729
03730
03734
03735
03736
03737
03738
03739
03741
03742
03744
03745
03746
03748
03749
03753
03756
03760
03761
03762
03763
03766
03767
03768
03770
03778
03796
03798
03799
03800
03801
03802
03803
03804
03811
03820
03821
03822
03825
03826
03827
03830
03831
03832
03833
03834
03835
03836
03838
03841
03842
03847
03852
03853
03862
03866
03870
03871
03873
03874
03875
03880
03881
03882
03883
03884
03885
03886
03887
03888
03889
03890
03896
03897
03902
03903
03904
03905
03906
03909
03910
03912
03913
03914
03915
03916
03917
03918
03919
03920
03929
03930
03938
03939
03942
03943
03944
03945
03946
03948
03949
03957
03962
03964
03965
03966
03967
03975
03976
03977
03979
03980
03984
03991
03992
03993
03998
03999
04000
04004
04005
04006
04007
04008
04009
04010
04011
04012
04013
04014
04015
04016
04017
04018
04019
04020
04026
04028
04031
04032
04033
04034
04035
04036
04037
04038
04039
04040
04041
04042
04046
04048
04052
04055
04056
04057
04058
04059
04060
04061
04062
04063
04066
04067
04068
04069
04071
04073
04074
04075
04076
04081
04082
04083
04084
04085
04086
04088
04089
04090
04091
04092
04093
04094
04099
04100
04103
04105
04106
04109
04110
04111
04112
04113
04114
04115
04116
04117
04118
04124
04125
04126
04127
04128
04129
04130
04131
04135
04137
04139
04140
04141
04144
04145
04146
04147
04148
04149
04150
04153
04154
04155
04156
04157
04158
04159
04161
04162
04163
04164
04165
04166
04167
04168
04169
04175
04176
04177
04178
04180
04183
04184
04185
04186
04188
04189
04190
04191
04192
04193
04196
04198
04212
04215
04216
04217
04218
04219
04220
04224
04225
04230
04231
04232
04233
04239
04240
04241
04242
04243
04244
04245
04246
04247
04249
04252
04257
04258
04262
04263
04264
04267
04270
04272
04273
04275
04281
04282
04283
04284
04288
04290
04291
04295
04296
04297
04298
04300
04303
04306
04307
04308
04310
04311
04314
04315
04319
04321
04324
04325
04326
04329
04330
04334
04336
04339
04344
04345
04346
04347
04348
04349
04350
04359
04360
04362
04363
04368
04369
04370
04371
04373
04374
04375
04376
04378
04379
04380
04381
04385
04386
04387
04388
04389
04391
04392
04393
04394
04395
04396
04397
04400
04403
04404
04405
04406
04409
04412
04414
04415
04418
04420
04421
04422
04423
04424
04425
04426
04430
04431
04432
04433
04434
04435
04436
04438
04441
04442
04443
04444
04445
04446
04447
04448
04449
04450
04452
04453
04454
04455
04456
04458
04459
04460
04461
04462
04463
04464
04465
04466
04467
04469
04476
04477
04478
04479
04480
04481
04482
04494
04495
04496
04497
04498
04501
04508
04509
04511
04514
04515
04516
04517
04518
04519
04520
04521
04522
04523
04530
04531
04532
04533
04534
04535
04537
04539
04540
04541
04542
04543
04544
04545
04546
04547
04548
04549
04550
04551
04552
04553
04554
04555
04556
04557
04558
04559
04561
04562
04563
04564
04565
04566
04567
04568
04569
04570
04571
04572
04573
04574
04575
04577
04579
04580
04581
04582
04583
04584
04585
04586
04588
04589
04590
04591
04592
04593
04594
04595
04596
04597
04598
04599
04604
04610
04611
04614
04615
04619
04622
04623
04633
04634
04635
04640
04641
04643
04644
04645
04647
04648
04649
04650
04651
04653
04654
04655
04656
04659
04660
04663
04664
04665
04666
04667
04668
04669
04670
04671
04672
04673
04674
04675
04677
04678
04680
04681
04683
04685
04691
04692
04693
04694
04696
04697
04702
04703
04704
04705
04706
04707
04708
04709
04710
04712
04714
04715
04716
04717
04718
04719
04720
04721
04727
04728
04731
04732
04733
04734
04735
04736
04737
04738
04739
04740
04741
04742
04744
04745
04746
04747
04748
04749
04750
04752
04753
04755
04757
04758
04759
04760
04762
04764
04769
04770
04771
04775
04778
04780
04781
04782
04783
04784
04787
04788
04789
04790
04791
04793
04794
04795
04796
04797
04798
04799
04800
04801
04802
04803
04808
04810
04812
04813
04814
04815
04816
04817
04818
04819
04820
04821
04823
04824
04826
04827
04828
04829
04830
04832
04833
04834
04835
04836
04837
04838
04839
04840
04841
04842
04843
04844
04845
04846
04847
04848
04849
04850
04851
04852
04853
04854
04855
04856
04857
04858
04859
04860
04861
04862
04863
04864
04865
04867
04868
04870
04871
04872
04873
04874
04875
04876
04877
04878
04879
04880
04881
04882
04883
04884
04885
04886
04887
04888
04889
04891
04893
04895
04896
04899
04900
04901
04903
04904
04905
04906
04908
04910
04912
04913
04915
04917
04920
04922
04923
04932
04933
04934
04935
04936
04937
04940
04942
04943
04946
04950
04951
04952
04954
04956
04957
04958
04963
04966
04967
04968
04969
04974
04975
04976
04980
04981
04982
04985
04986
04988
04989
04990
04991
04992
04993
04994
04995
04999
05002
05003
05004
05005
05006
05007
05008
05009
05010
05011
05013
05014
05015
05016
05017
05018
05022
05025
05033
05037
05038
05039
05041
05043
05044
05049
05050
05060
05061
05062
05063
05064
05065
05066
05068
05069
05070
05075
05076
05077
05078
05079
05081
05082
05083
05084
05085
05086
05087
05088
05089
05090
05091
05092
05093
05094
05095
05096
05097
05098
05099
05100
05104
05106
05107
05108
05109
05110
05111
05113
05122
05125
05142
05143
05145
05146
05150
05151
05152
05153
05154
05156
05160
05161
05162
05165
05167
05185
05190
05191
05192
05193
05194
05195
05196
05197
05198
05199
05200
05206
05207
05208
05209
05214
05215
05216
05217
05218
05219
05220
05221
05222
05229
05234
05236
05239
05251
05252
05259
05260
05262
05266
05269
05270
05274
05276
05277
05278
05279
05280
05281
05282
05296
05304
05306
05307
05311
05312
05315
05316
05318
05319
05320
05321
05322
05323
05324
05325
05327
05328
05330
05331
05332
05333
05335
05337
05338
05339
05340
05390
05391
05392
05393
05394
05395
05398
05399
05400
05401
05402
05403
05404
05405
05415
05425
05427
05431
05432
05434
05439
05440
05441
05442
05443
05444
05452
05457
05461
05466
05482
05483
05484
05485
05489
05490
05492
05493
05494
05495
05496
05497
05498
05501
05519
05521
05523
05525
05527
05528
05532
05535
05538
05539
05540
05546
05547
05548
05559
05560
05561
05562
05564
05565
05567
05570
05579
05580
05581
05583
05585
05586
05589
05591
05592
05593
05594
05598
05599
05600
05601
05602
05603
05604
05605
05606
05607
05608
05609
05610
05611
05630
05639
05640
05641
05642
05643
05644
05645
05646
05647
05648
05649
05650
05651
05652
05653
05662
05663
05666
05667
05672
05674
05676
05677
05679
05680
05681
05682
05683
05684
05685
05687
05695
05696
05697
05698
05699
05700
05701
05702
05704
05705
05706
05707
05710
05711
05713
05714
05716
05718
05719
05720
05721
05724
05725
05727
05735
05736
05739
05740
05741
05742
05743
05744
05745
05746
05748
05750
05751
05752
05753
05754
05755
05756
05757
05758
05759
05760
05764
05765
05766
05767
05768
05769
05770
05771
05772
05773
05775
05776
05778
05781
05785
05786
05787
05789
05790
05791
05792
05793
05794
05795
05796
05806
05807
05808
05809
05811
05812
05815
05816
05817
05821
05830
05831
05832
05833
05837
05838
05839
05840
05841
05842
05843
05844
05845
05846
05847
05848
05849
05851
05853
05856
05860
05865
05868
05869
05870
05871
05872
05874
05875
05878
05879
05880
05881
05889
05892
05893
05894
05896
05897
05899
05901
05902
05908
05909
05910
05911
05916
05924
05925
05927
05928
05933
05934
05935
05949
05951
05955
05956
05957
05958
05959
05963
05964
05966
05967
05968
05969
05970
05971
05972
05973
05974
05976
05977
05980
05981
05982
05983
05986
05988
05989
05992
05994
05995
05997
05998
06004
06007
06012
06020
06021
06022
06023
06024
06025
06026
06027
06029
06031
06032
06033
06036
06037
06038
06039
06040
06041
06042
06043
06044
06045
06046
06047
06048
06049
06050
06051
06052
06064
06065
06066
06067
06068
06069
06070
06071
06072
06076
06077
06078
06079
06080
06081
06082
06083
06085
06086
06087
06088
06089
06090
06091
06092
06093
06095
06096
06098
06099
06100
06101
06102
06103
06104
06105
06113
06121
06125
06126
06127
06129
06131
06133
06136
06137
06138
06139
06140
06141
06144
06145
06149
06150
06153
06161
06170
06176
06182
06183
06184
06185
06186
06188
06198
06200
06201
06202
06203
06204
06207
06211
06213
06214
06215
06219
06220
06226
06227
06228
06231
06236
06237
06241
06244
06246
06247
06250
06251
06252
06257
06260
06261
06262
06265
06266
06267
06268
06270
06279
06280
06281
06284
06286
06290
06291
06293
06294
06295
06298
06301
06302
06303
06309
06311
06312
06321
06322
06323
06324
06325
06327
06328
06329
06330
06337
06338
06339
06340
06341
06342
06345
06348
06351
06352
06354
06355
06356
06358
06359
06360
06363
06364
06365
06370
06371
06373
06374
06375
06376
06377
06378
06380
06388
06389
06390
06391
06395
06399
06400
06401
06402
06404
06405
06406
06409
06410
06411
06419
06420
06421
06422
06423
06424
06433
06441
06442
06444
06445
06446
06447
06448
06450
06451
06452
06453
06457
06459
06460
06461
06462
06463
06464
06470
06480
06483
06485
06487
06491
06492
06494
06498
06499
06500
06501
06502
06503
06504
06505
06506
06507
06508
06509
06510
06520
06527
06528
06530
06531
06532
06537
06540
06544
06545
06546
06547
06548
06555
06556
06558
06559
06560
06561
06562
06563
06564
06565
06567
06569
06570
06573
06574
06575
06576
06577
06578
06582
06584
06585
06586
06587
06589
06590
06591
06593
06594
06595
06596
06597
06598
06599
06600
06601
06602
06603
06606
06608
06614
06615
06616
06617
06618
06619
06620
06621
06622
06623
06624
06625
06628
06629
06631
06633
06634
06635
06636
06637
06638
06644
06646
06647
06650
06651
06652
06654
06655
06656
06657
06659
06660
06667
06668
06673
06674
06676
06677
06678
06679
06680
06681
06682
06683
06684
06691
06692
06693
06694
06700
06701
06707
06709
06710
06711
06716
06719
06720
06721
06722
06723
06724
06725
06726
06729
06730
06732
06733
06734
06735
06736
06738
06742
06744
06746
06747
06748
06749
06752
06756
06758
06760
06762
06766
06767
06768
06769
06771
06772
06773
06774
06778
06779
06784
06786
06787
06788
06789
06790
06791
06793
06795
06796
06797
06798
06799
06800
06801
06802
06803
06804
06805
06811
06822
06824
06832
06833
06834
06835
06836
06839
06840
06842
06843
06844
06847
06848
06849
06851
06852
06853
06854
06855
06860
06861
06863
06864
06865
06866
06868
06869
06871
06872
06873
06874
06875
06877
06878
06879
06880
06883
06884
06885
06886
06887
06888
06889
06890
06891
06892
06893
06894
06895
06896
06897
06898
06899
06900
06901
06902
06903
06904
06905
06906
06908
06909
06911
06912
06913
06914
06915
06917
06919
06920
06925
06926
06927
06928
06931
06933
06937
06941
06945
06947
06948
06953
06955
06956
06957
06958
06959
06960
06967
06968
06972
06976
06977
06980
06981
06982
06983
06984
07156
07157
07158
07163
07165
07167
07168
07169
07171
07174
07175
07176
07181
07182
07184
07186
07187
07188
07189
07190
07191
07236
07237
07238
07239
07240
07241
07243
07244
07247
07251
07252
07254
07255
07256
07258
07262
07264
07268
07270
07271
07272
07273
07276
07278
07280
07285
07286
07288
07290
07291
07293
07296
07304
07307
07310
07311
07312
07314
07315
07318
07323
07324
07325
07326
07327
07330
07331
07332
07333
07335
07336
07337
07338
07339
07340
07341
07343
07344
07345
07346
07347
07348
07350
07351
07352
07353
07356
07357
07358
07359
07360
07363
07364
07365
07366
07367
07368
07369
07372
07373
07374
07375
07378
07379
07380
07381
07382
07383
07384
07385
07387
07388
07389
07391
07393
07394
07396
07398
07399
07400
07402
07404
07405
07406
07407
07408
07409
07410
07414
07415
07418
07419
07421
07422
07424
07425
07426
07427
07428
07429
07430
07431
07432
07433
07434
07439
07440
07446
07447
07467
07469
07471
07480
07482
07483
07487
07490
07492
07493
07494
07495
07496
07497
07498
07499
07503
07504
07506
07508
07509
07511
07512
07513
07514
07518
07519
07525
07526
07528
07532
07533
07534
07535
07538
07539
07543
07545
07546
07547
07549
07550
07551
07552
07553
07554
07555
07556
07557
07558
07559
07560
07561
07562
07563
07565
07566
07567
07568
07569
07570
07571
07573
07574
07575
07576
07578
07579
07580
07582
07583
07584
07585
07586
07589
07590
07598
07599
07600
07602
07623
07627
07638
07639
07640
07641
07642
07647
07648
07649
07652
07653
07654
07655
07657
07658
07659
07660
07661
07662
07663
07664
07665
07666
07668
07669
07671
07672
07673
07674
07679
07682
07684
07686
07687
07688
07689
07691
07695
07700
07706
07729
07730
07731
07733
07734
07736
07739
07740
07747
07748
07749
07750
07751
07752
07757
07758
07761
07765
07770
07771
07772
07773
07774
07775
07779
07782
07783
07784
07785
07786
07790
07793
07794
07795
07800
07801
07803
07804
07807
07814
07815
07817
07818
07820
07821
07825
07827
07828
07829
07831
07832
07833
07834
07836
07844
07848
07849
07858
07859
07860
07862
07863
07865
07866
07870
07872
07875
07876
07880
07881
07883
07884
07886
07887
07888
07889
07890
07891
07894
07895
07896
07901
07902
07903
07905
07910
07912
07915
07916
07921
07924
07925
07927
07929
07933
07935
07936
07937
07938
07940
07941
07942
07943
07944
07948
07949
07950
07951
07952
07953
07954
07955
07956
07960
07961
07962
07963
07965
07969
07971
07973
07974
07975
07979
07980
07981
07982
07983
07984
07987
07988
07991
07992
07993
07994
07995
07996
07998
07999
08000
08003
08005
08006
08007
08008
08009
08013
08014
08015
08017
08018
08020
08021
08022
08024
08026
08028
08029
08036
08040
08041
08042
08047
08052
08053
08054
08055
08060
08063
08064
08069
08072
08074
08082
08083
08091
08092
08093
08096
08097
08098
08101
08102
08108
08109
08115
08116
08117
08118
08119
08120
08121
08123
08126
08127
08128
08129
08131
08134
08137
08138
08139
08141
08143
08144
08145
08146
08147
08148
08149
08150
08153
08155
08156
08157
08160
08161
08162
08163
08164
08167
08168
08169
08171
08173
08174
08175
08176
08177
08179
08182
08183
08185
08187
08188
08190
08191
08192
08196
08197
08198
08199
08200
08201
08202
08203
08204
08205
08206
08208
08210
08214
08216
08219
08222
08223
08224
08225
08234
08235
08236
08237
08238
08239
08241
08242
08244
08245
08246
08250
08252
08253
08254
08256
08257
08260
08262
08263
08264
08265
08266
08267
08268
08269
08270
08271
08272
08273
08274
08275
08276
08277
08278
08279
08280
08281
08282
08283
08284
08285
08286
08287
08289
08291
08293
08300
08306
08307
08308
08315
08318
08322
08324
08325
08326
08327
08328
08330
08331
08332
08333
08334
08335
08336
08337
08338
08347
08349
08350
08351
08352
08354
08356
08357
08359
08361
08363
08366
08367
08368
08369
08370
08375
08378
08380
08382
08383
08384
08385
08386
08387
08388
08389
08391
08392
08393
08394
08395
08396
08397
08398
08399
08400
08403
08404
08405
08406
08407
08409
08411
08413
08414
08415
08416
08417
08418
08421
08422
08423
08424
08426
08427
08428
08432
08433
08434
08437
08438
08439
08440
08441
08442
08443
08444
08445
08446
08447
08448
08449
08451
08452
08453
08454
08456
08457
08458
08459
08461
08462
08463
08465
08466
08472
08474
08478
08479
08482
08484
08485
08487
08488
08490
08491
08492
08493
08494
08495
08501
08503
08505
08506
08507
08508
08509
08510
08511
08512
08513
08514
08515
08516
08517
08520
08522
08523
08525
08526
08528
08529
08530
08531
08532
08533
08535
08536
08537
08539
08540
08541
08542
08543
08544
08545
08546
08547
08548
08549
08550
08551
08552
08553
08554
08555
08556
08558
08559
08560
08561
08562
08564
08566
08567
08568
08569
08570
08571
08572
08573
08574
08575
08576
08577
08578
08579
08580
08586
08589
08595
08605
08608
08614
08615
08616
08618
08620
08626
08627
08628
08629
08632
08633
08634
08637
08638
08640
08642
08650
08651
08653
08657
08660
08666
08667
08668
08671
08674
08678
08683
08684
08685
08686
08688
08690
08692
08699
08700
08701
08702
08704
08706
08708
08709
08711
08715
08716
08717
08718
08721
08722
08727
08728
08729
08730
08731
08732
08736
08742
08743
08746
08747
08751
08755
08756
08757
08760
08762
08763
08764
08765
08766
08767
08769
08770
08771
08772
08773
08774
08775
08777
08778
08779
08780
08781
08782
08783
08785
08788
08789
08791
08792
08793
08804
08805
08812
08813
08814
08818
08821
08822
08830
08833
08835
08836
08837
08839
08842
08845
08846
08847
08851
08853
08854
08856
08859
08860
08861
08863
08865
08866
08867
08868
08869
08870
08872
08874
08875
08876
08878
08879
08880
08881
08882
08883
08887
08888
08889
08890
08891
08892
08893
08894
08896
08897
08900
08901
08902
08903
08904
08905
08906
08907
08909
08910
08911
08912
08913
08914
08915
08917
08918
08919
08920
08921
08922
08923
08924
08926
08927
08928
08930
08931
08932
08933
08934
08935
08936
08937
08938
08939
08940
08941
08945
08946
08948
08949
08950
08951
08952
08953
08954
08955
08956
08957
08958
08959
08960
08961
08965
08966
08967
08968
08970
08971
08974
08975
08976
08978
08979
08980
08981
08982
08983
08985
08987
08988
08989
08990
08992
08993
08994
08997
08999
09000
09001
09002
09003
09004
09005
09006
09007
09008
09010
09011
09012
09013
09014
09015
09016
09017
09018
09019
09020
09023
09028
09034
09036
09039
09046
09049
09050
09051
09052
09055
09059
09060
09062
09063
09064
09066
09067
09069
09070
09071
09073
09075
09086
09089
09091
09094
09096
09097
09098
09100
09103
09104
09105
09106
09110
09113
09114
09115
09125
09126
09127
09128
09133
09135
09136
09137
09145
09146
09148
09153
09154
09155
09156
09158
09159
09163
09164
09165
09166
09169
09170
09171
09174
09175
09176
09177
09178
09179
09180
09181
09185
09186
09190
09191
09192
09193
09194
09196
09197
09198
09202
09205
09206
09208
09209
09210
09211
09212
09213
09217
09221
09222
09227
09230
09231
09232
09233
09234
09235
09236
09237
09238
09239
09240
09241
09242
09243
09244
09245
09246
09247
09248
09249
09250
09251
09257
09261
09262
09263
09264
09268
09269
09270
09271
09272
09273
09274
09275
09279
09281
09283
09284
09287
09288
09289
09290
09291
09292
09294
09295
09297
09298
09299
09301
09302
09303
09304
09305
09306
09308
09309
09310
09311
09312
09313
09314
09315
09316
09317
09318
09320
09321
09322
09323
09324
09325
09326
09327
09328
09330
09336
09337
09339
09342
09343
09344
09345
09346
09347
09348
09351
09364
09365
09366
09367
09368
09369
09370
09371
09372
09373
09374
09376
09380
09383
09384
09386
09388
09389
09390
09391
09392
09393
09394
09395
09396
09397
09398
09399
09400
09401
09402
09404
09405
09410
09412
09413
09414
09425
09426
09427
09428
09438
09439
09443
09444
09445
09446
09447
09448
09451
09452
09453
09454
09455
09456
09457
09458
09459
09460
09461
09462
09463
09464
09465
09466
09467
09468
09470
09471
09472
09473
09474
09475
09482
09483
09484
09485
09488
09489
09498
09501
09502
09503
09505
09507
09508
09509
09510
09511
09512
09513
09514
09515
09523
09524
09525
09527
09529
09530
09531
09532
09534
09536
09539
09540
09541
09542
09543
09544
09550
09553
09554
09555
09560
09564
09565
09569
09570
09572
09574
09575
09576
09578
09579
09580
09581
09582
09583
09584
09585
09587
09588
09589
09597
09598
09602
09603
09604
09605
09606
09607
09609
09610
09611
09612
09613
09614
09615
09616
09617
09618
09620
09621
09623
09624
09625
09626
09630
09632
09633
09635
09636
09637
09640
09641
09642
09643
09644
09645
09646
09647
09648
09649
09650
09654
09655
09656
09657
09658
09659
09660
09661
09662
09663
09664
09665
09666
09667
09668
09669
09670
09671
09672
09673
09674
09675
09676
09677
09678
09680
09681
09682
09683
09684
09685
09686
09687
09688
09689
09690
09691
09693
09694
09695
09696
09697
09698
09699
09702
09703
09704
09705
09706
09707
09709
09710
09711
09712
09713
09714
09715
09716
09717
09718
09719
09720
09723
09724
09725
09726
09727
09728
09729
09730
09734
09741
09743
09744
09745
09746
09747
09748
09749
09750
09751
09752
09753
09754
09755
09756
09771
09772
09799
09805
09806
09807
09808
09810
09811
09813
09814
09815
09816
09817
09818
09819
09821
09826
09827
09832
09833
09834
09835
09840
09845
09848
09850
09855
09857
09859
09860
09861
09864
09865
09866
09867
09868
09869
09870
09873
09883
09884
09885
09886
09887
09888
09889
09890
09891
09892
09893
09894
09895
09896
09897
09898
09899
09900
09908
09909
09910
09911
09914
09916
09917
09919
09923
09924
09925
09926
09929
09931
09932
09933
09934
09944
09947
09948
09949
09952
09958
09983
10002
10005
10010
10011
10012
10016
10018
10020
10024
10027
10038
10039
10040
10041
10042
10043
10044
10045
10046
10047
10048
10049
10050
10051
10052
10053
10054
10055
10056
10057
10058
10060
10061
10062
10063
10064
10065
10066
10067
10068
10069
10070
10071
10072
10073
10074
10075
10076
10077
10078
10079
10083
10085
10086
10087
10088
10089
10093
10098
10101
10104
10109
10111
10112
10113
10118
10119
10120
10121
10122
10123
10126
10127
10128
10130
10131
10132
10133
10134
10135
10136
10138
10139
10140
10141
10142
10143
10144
10149
10150
10151
10152
10153
10154
10155
10156
10157
10159
10162
10163
10164
10165
10166
10167
10168
10169
10170
10172
10173
10174
10175
10176
10177
10178
10179
10180
10181
10187
10188
10189
10190
10191
10192
10193
10194
10196
10198
10199
10200
10201
10202
10204
10215
10217
10220
10221
10222
10223
10226
10230
10237
10240
10241
10246
10247
10248
10249
10250
10253
10256
10259
10260
10261
10262
10263
10269
10271
10272
10273
10279
10280
10281
10283
10284
10285
10286
10287
10288
10289
10290
10291
10292
10293
10294
10295
10298
10299
10300
10301
10302
10303
10304
10305
10306
10307
10308
10314
10315
10319
10320
10321
10323
10324
10326
10328
10329
10330
10331
10332
10333
10334
10338
10339
10340
10341
10342
10350
10353
10360
10361
10362
10363
10364
10365
10366
10367
10368
10369
10370
10371
10401
10402
10403
10405
10406
10407
10408
10412
10414
10423
10427
10430
10431
10433
10434
10435
10436
10437
10450
10451
10452
10453
10454
10456
10461
10462
10463
10464
10465
10466
10467
10471
10472
10473
10474
10477
10478
10483
10484
10488
10490
10491
10492
10493
10494
10495
10496
10498
10499
10503
10508
10510
10512
10515
10519
10520
10521
10522
10523
10525
10526
10527
10528
10529
10531
10534
10535
10536
10537
10539
10540
10541
10542
10543
10544
10546
10547
10548
10557
10559
10560
10561
10562
10563
10565
10566
10568
10573
10574
10579
10582
10583
10588
10590
10591
10592
10595
10597
10598
10601
10602
10604
10606
10607
10608
10610
10611
10612
10613
10615
10616
10617
10618
10619
10620
10621
10623
10624
10626
10627
10629
10630
10631
10632
10634
10635
10644
10646
10648
10649
10653
10654
10655
10656
10658
10659
10664
10665
10668
10670
10673
10675
10676
10678
10679
10680
10681
10682
10684
10688
10691
10693
10698
10699
10702
10704
10709
10710
10711
10712
10713
10715
10716
10717
10718
10719
10720
10721
10722
10723
10725
10726
10728
10729
10730
10731
10732
10733
10734
10735
10736
10737
10739
10742
10743
10744
10747
10751
10752
10754
10755
10762
10765
10766
10771
10778
10779
10781
10782
10788
10789
10790
10792
10793
10794
10795
10802
10803
10804
10805
10806
10809
10810
10814
10815
10817
10818
10819
10820
10821
10822
10823
10824
10826
10827
10828
10830
10832
10848
10849
10855
10857
10858
10860
10861
10862
10863
10864
10865
10867
10872
10874
10875
10876
10877
10878
10879
10880
10883
10889
10890
10891
10892
10893
10894
10895
10897
10898
10900
10901
10902
10903
10904
10913
10919
10922
10923
10924
10926
10929
10930
10935
10936
10937
10938
10939
10940
10941
10942
10943
10944
10945
10946
10947
10948
10953
10955
10956
10957
10964
10966
10967
10976
10977
10980
10984
10987
10988
10990
10992
10996
10997
10998
11009
11010
11011
11012
11013
11014
11017
11025
11030
11031
11033
11034
11035
11037
11041
11043
11044
11045
11047
11048
11068
11069
11074
11076
11083
11084
11085
11086
11087
11090
11093
11098
11100
11101
11108
11109
11114
11115
11116
11117
11122
11129
11130
11131
11132
11135
11137
11138
11139
11140
11141
11149
11152
11156
11157
11158
11167
11168
11171
11172
11173
11174
11175
11176
11177
11178
11179
11182
11184
11185
11187
11190
11193
11194
11196
11198
11199
11200
11201
11206
11207
11208
11209
11210
11211
11213
11214
11215
11216
11217
11218
11219
11220
11221
11222
11224
11225
11226
11227
11228
11229
11230
11231
11232
11233
11234
11235
11236
11237
11238
11239
11240
11241
11242
11243
11244
11245
11246
11247
11248
11249
11250
11251
11252
11253
11258
11259
11260
11263
11264
11265
11266
11267
11277
11278
11279
11280
11282
11284
11285
11286
11287
11288
11289
11291
11293
11302
11303
11306
11307
11308
11309
11310
11311
11316
11318
11329
11330
11339
11347
11351
11352
11353
11354
11355
11361
11368
11370
11372
11374
11376
11378
11379
11380
11381
11382
11384
11385
11386
11387
11388
11389
11390
11401
11402
11405
11417
11421
11422
11431
11486
11510
11513
11514
11533
11536
11537
11539
11540
11541
11544
11546
11551
11552
11553
11554
11555
11556
11557
11558
11559
11562
11563
11564
11565
11571
11572
11574
11575
11576
11580
11582
11589
11590
11595
11596
11597
11598
11599
11600
11601
11603
11614
11615
11616
11618
11619
11622
11623
11625
11626
11627
11635
11636
11638
11640
11641
11643
11651
11653
11654
11655
11656
11657
11659
11660
11661
11663
11666
11667
11668
11669
11670
11671
11673
11675
11676
11677
11678
11679
11681
11682
11683
11684
11685
11686
11687
11689
11690
11691
11692
11693
11694
11695
11696
11698
11699
11700
11701
11702
11703
11704
11705
11707
11708
11709
11710
11712
11713
11714
11715
11716
11718
11719
11720
11721
11723
11724
11725
11731
11732
11733
11741
11742
11744
11745
11746
11748
11752
11762
11763
11764
11767
11774
11777
11778
11783
11788
11789
11790
11791
11792
11793
11794
11795
11796
11797
11798
11799
11800
11802
11803
11804
11805
11806
11807
11808
11809
11810
11812
11813
11814
11816
11817
11818
11820
11821
11822
11826
11827
11828
11830
11832
11834
11836
11837
11838
11839
11840
11842
11843
11844
11845
11846
11847
11852
11863
11869
11874
11875
11879
11880
11883
11885
11886
11889
11892
11894
11895
11898
11899
11900
11901
11902
11903
11906
11907
11908
11911
11918
11919
11921
11922
11923
11924
11926
11928
11936
11941
11942
11943
11951
11954
11955
11956
11957
11958
11960
11964
11965
11966
11972
11977
11978
11979
11982
11987
11990
11994
11995
11996
11998
11999
12000
12001
12002
12003
12004
12005
12009
12017
12019
12022
12030
12035
12043
12048
12049
12053
12055
12057
12059
12062
12064
12066
12081
12083
12085
12088
12092
12094
12096
12102
12104
12106
12107
12110
12112
12114
12119
12124
12138
12144
12145
12147
12148
12150
12152
12154
12161
12164
12166
12179
12181
12183
12194
12195
12201
12202
12203
12204
12205
12220
12224
12250
12252
12254
12256
12261
12262
12268
12269
12270
12271
12273
12274
12276
12277
12283
12285
12286
12288
12290
12301
12324
12325
12326
12327
12328
12330
12331
12333
12335
12341
12343
12344
12346
12348
12349
12351
12352
12353
12354
12355
12378
12380
12383
12387
12389
12390
12391
12392
12394
12395
12396
12397
12398
12399
12411
12412
12413
12414
12415
12416
12417
12418
12419
12420
12434
12435
12436
12437
12438
12439
12440
12441
12458
12459
12460
12461
12462
12463
12464
12465
12466
12467
12468
12469
12470
12478
12479
12486
12487
12488
12489
12490
12491
12497
12498
12500
12501
12503
12504
12509
12510
12511
12513
12517
12518
12519
12520
12521
12522
12523
12526
12527
12530
12537
12538
12539
12540
12544
12553
12554
12555
12556
12560
12563
12564
12565
12566
12569
12570
12571
12572
12573
12574
12575
12576
12577
12579
12580
12581
12592
12593
12594
12595
12596
12600
12601
12602
12606
12608
12611
12612
12619
12620
12631
12633
12634
12635
12640
12644
12645
12646
12647
12650
12652
12653
12654
12655
12657
12658
12661
12662
12664
12667
12668
12670
12677
12682
12687
12688
12691
12692
12693
12697
12698
12699
12700
12701
12702
12703
12704
12705
12711
12713
12714
12715
12719
12723
12724
12729
12731
12732
12736
12738
12739
12740
12741
12742
12743
12744
12745
12754
12757
12760
12761
12762
12765
12766
12767
12768
12769
12770
12771
12774
12775
12779
12781
12785
12786
12791
12792
12795
12798
12799
12802
12810
12811
12813
12814
12833
12835
12836
12837
12839
12840
12843
12845
12846
12847
12848
12850
12852
12853
12856
12859
12860
12861
12862
12863
12867
12871
12880
12882
12884
12887
12891
12894
12895
12900
12901
12904
12906
12907
12911
12912
12914
12920
12923
12925
12927
12928
12931
12935
12936
12939
12940
12941
12942
12943
12945
12947
12953
12955
12957
12958
12959
12960
12963
12964
12966
12967
12985
12996
13001
13002
13003
13005
13009
13011
13013
13018
13028
13032
13033
13035
13037
13038
13040
13041
13043
13045
13047
13048
13051
13054
13056
13058
13059
13060
13061
13062
13063
13064
13068
13074
13076
13077
13078
13080
13081
13083
13084
13087
13092
13093
13094
13095
13096
13097
13108
13109
13110
13113
13114
13115
13116
13119
13122
13124
13126
13129
13136
13137
13141
13144
13146
13147
13149
13151
13152
13154
13159
13160
13161
13162
13163
13164
13165
13166
13167
13168
13169
13170
13171
13172
13173
13174
13175
13176
13177
13180
13184
13190
13196
13199
13200
13201
13202
13203
13204
13208
13213
13215
13216
13217
13220
13222
13224
13225
13229
13231
13232
13234
13242
13245
13248
13249
13250
13251
13252
13253
13256
13257
13259
13260
13261
13262
13266
13267
13268
13269
13278
13285
13289
13295
13298
13299
13307
13308
13317
13318
13325
13326
13327
13328
13330
13331
13332
13333
13334
13335
13336
13337
13338
13340
13341
13352
13354
13357
13358
13364
13365
13366
13367
13368
13369
13370
13372
13373
13374
13376
13377
13379
13381
13382
13383
13384
13385
13386
13390
13391
13392
13393
13395
13396
13397
13398
13399
13401
13402
13412
13427
13428
13429
13430
13434
13435
13436
13438
13439
13444
13446
13448
13452
13455
13456
13465
13467
13468
13469
13470
13471
13472
13473
13474
13475
13477
13478
13486
13487
13490
13494
13503
13514
13518
13519
13522
13523
13526
13531
13532
13533
13537
13540
13542
13543
13544
13545
13547
13549
13551
13555
13557
13558
13561
13563
13564
13565
13566
13573
13574
13576
13577
13582
13589
13591
13594
13595
13598
13600
13602
13603
13604
13605
13606
13607
13608
13609
13610
13614
13615
13616
13617
13621
13622
13627
13628
13629
13630
13631
13632
13633
13636
13637
13638
13640
13641
13646
13650
13655
13656
13659
13661
13662
13664
13665
13666
13667
13668
13669
13670
13671
13672
13673
13675
13677
13678
13679
13680
13683
13685
13686
13687
13689
13691
13692
13693
13695
13696
13700
13703
13704
13706
13707
13710
13713
13721
13722
13723
13724
13725
13726
13727
13728
13729
13730
13731
13732
13733
13734
13735
13736
13737
13738
13739
13740
13741
13744
13745
13747
13751
13752
13758
13759
13761
13762
13766
13767
13768
13774
13775
13776
13777
13778
13779
13780
13783
13787
13788
13792
13793
13794
13797
13798
13800
13801
13802
13803
13808
13809
13813
13814
13816
13819
13820
13821
13822
13823
13825
13826
13827
13828
13829
13830
13831
13832
13833
13834
13835
13836
13837
13838
13840
13841
13843
13845
13846
13848
13849
13850
13851
13852
13855
13856
13858
13859
13860
13864
13869
13870
13871
13872
13873
13874
13876
13881
13883
13884
13885
13888
13890
13891
13894
13895
13896
13898
13900
13901
13902
13903
13904
13908
13910
13912
13913
13914
13915
13916
13917
13918
13919
13920
13924
13926
13930
13931
13933
13934
13935
13936
13937
13938
13940
13941
13949
13956
13965
13969
13973
13974
13975
13991
13992
13993
13994
13995
13996
14001
14002
14003
14004
14005
14006
14007
14008
14009
14010
14011
14013
14014
14015
14016
14017
14018
14019
14020
14021
14022
14023
14025
14026
14027
14028
14029
14030
14031
14032
14033
14039
14040
14044
14045
14046
14051
14052
14056
14066
14070
14075
14076
14079
14080
14082
14083
14084
14088
14089
14093
14094
14095
14099
14101
14102
14103
14104
14105
14106
14107
14108
14109
14110
14111
14112
14113
14114
14115
14116
14117
14118
14119
14120
14121
14122
14123
14124
14125
14126
14127
14129
14132
14133
14134
14138
14139
14140
14142
14143
14144
14145
14146
14147
14148
14149
14150
14151
14152
14153
14154
14155
14157
14159
14160
14161
14162
14164
14165
14167
14170
14171
14172
14173
14174
14175
14176
14177
14178
14179
14180
14181
14182
14188
14189
14190
14191
14192
14193
14194
14196
14197
14198
14199
14201
14202
14204
14205
14206
14212
14213
14214
14215
14218
14221
14222
14223
14224
14226
14227
14228
14231
14232
14233
14235
14239
14241
14243
14244
14246
14247
14253
14259
14260
14269
14270
14271
14272
14280
14281
14282
14283
14284
14287
14290
14293
14297
14299
14303
14304
14318
14321
14326
14327
14328
14329
14330
14333
14334
14335
14340
14348
14353
14354
14359
14362
14364
14366
14377
14378
14379
14380
14382
14383
14384
14385
14387
14389
14391
14396
14397
14401
14402
14403
14405
14409
14410
14411
14412
14413
14414
14422
14423
14425
14429
14430
14432
14433
14434
14436
14438
14443
14444
14450
14457
14459
14461
14462
14464
14465
14467
14469
14471
14475
14479
14486
14488
14489
14490
14491
14492
14493
14496
14499
14504
14508
14509
14510
14515
14518
14520
14521
14522
14524
14530
14533
14534
14537
14539
14540
14543
14547
14548
14549
14555
14558
14563
14564
14568
14570
14573
14576
14577
14580
14581
14582
14583
14585
14586
14587
14588
14590
14594
14595
14596
14597
14599
14602
14603
14605
14606
14607
14608
14615
14616
14618
14619
14620
14621
14622
14625
14626
14627
14628
14630
14632
14633
14635
14641
14642
14643
14644
14646
14647
14650
14656
14657
14662
14663
14664
14665
14666
14667
14668
14669
14670
14671
14672
14674
14675
14676
14677
14678
14679
14680
14681
14682
14683
14684
14685
14689
14690
14691
14692
14693
14694
14698
14699
14700
14704
14707
14708
14709
14710
14717
14718
14719
14720
14721
14723
14724
14726
14727
14728
14729
14730
14731
14733
14737
14740
14744
14755
14757
14759
14760
14761
14762
14764
14765
14767
14768
14770
14771
14772
14773
14774
14775
14781
14782
14783
14784
14786
14790
14792
14795
14796
14805
14812
14813
14816
14817
14818
14821
14823
14824
14830
14831
14832
14833
14834
14835
14836
14837
14838
14839
14840
14841
14842
14843
14844
14846
14847
14848
14849
14850
14851
14852
14853
14854
14855
14856
14857
14858
14859
14863
14865
14866
14867
14868
14869
14870
14871
14872
14873
14874
14875
14876
14877
14878
14879
14880
14881
14882
14883
14884
14885
14886
14887
14888
14889
14890
14891
14894
14895
14896
14897
14898
14899
14900
14901
14902
14903
14904
14905
14906
14907
14909
14910
14911
14913
14914
14915
14916
14917
14918
14919
14920
14921
14922
14924
14925
14926
14927
14929
14933
14935
14938
14939
14940
14947
14948
14952
14957
14959
14961
14964
14965
14966
14968
14969
14970
14972
14973
14974
14975
14978
14980
14981
14982
14986
14987
14989
14990
14991
14993
14994
14995
14997
14998
15002
15004
15006
15007
15008
15009
15011
15015
15024
15025
15046
15047
15049
15050
15051
15052
15053
15055
15056
15057
15058
15060
15061
15062
15063
15065
15066
15067
15068
15069
15075
15076
15077
15078
15079
15095
15097
15099
15107
15109
15113
15116
15127
15129
15130
15132
15133
15136
15137
15138
15140
15141
15146
15148
15149
15150
15151
15156
15157
15158
15159
15160
15162
15163
15164
15165
15168
15169
15172
15173
15177
15178
15181
15182
15183
15184
15185
15186
15187
15188
15189
15190
15191
15192
15197
15198
15199
15200
15201
15202
15203
15204
15205
15206
15208
15213
15214
15216
15217
15218
15219
15220
15221
15222
15225
15226
15227
15228
15229
15230
15231
15232
15233
15234
15235
15236
15237
15238
15239
15240
15241
15242
15243
15248
15249
15250
15251
15252
15255
15257
15263
15266
15267
15269
15270
15271
15272
15273
15274
15283
15290
15294
15296
15297
15299
15304
15305
15306
15307
15308
15309
15310
15314
15315
15328
15329
15331
15332
15333
15334
15335
15336
15337
15339
15342
15343
15345
15346
15347
15348
15349
15350
15351
15352
15353
15354
15355
15356
15357
15358
15359
15360
15361
15362
15363
15364
15365
15367
15368
15371
15372
15374
15375
15376
15377
15378
15380
15381
15384
15385
15387
15388
15389
15392
15394
15395
15397
15398
15399
15400
15401
15402
15403
15404
15405
15406
15411
15412
15413
15414
15415
15416
15421
15422
15425
15427
15428
15429
15435
15439
15440
15441
15443
15458
15461
15463
15465
15468
15469
15470
15471
15472
15473
15474
15475
15476
15478
15479
15483
15484
15487
15488
15491
15492
15503
15504
15505
15506
15507
15508
15509
15510
15512
15513
15514
15515
15516
15517
15518
15519
15520
15521
15522
15523
15525
15526
15528
15535
15540
15544
15546
15548
15552
15555
15556
15565
15566
15569
15570
15575
15576
15582
15586
15587
15591
15592
15593
15599
15601
15621
15622
15626
15627
15629
15630
15633
15635
15636
15637
15640
15642
15643
15645
15646
15648
15649
15650
15651
15652
15654
15655
15656
15657
15658
15659
15660
15661
15662
15663
15668
15677
15679
15680
15681
15684
15685
15686
15688
15690
15697
15698
15699
15701
15703
15704
15705
15706
15707
15708
15710
15717
15718
15719
15722
15728
15729
15731
15733
15737
15739
15740
15741
15742
15743
15744
15745
15746
15747
15750
15751
15752
15753
15754
15755
15756
15757
15758
15759
15761
15762
15763
15764
15765
15766
15767
15768
15769
15770
15771
15774
15775
15776
15777
15778
15779
15780
15782
15783
15784
15785
15786
15788
15794
15795
15796
15797
15800
15801
15805
15806
15807
15808
15809
15810
15811
15812
15813
15814
15815
15816
15818
15819
15825
15831
15832
15834
15835
15836
15841
15842
15844
15845
15846
15847
15848
15849
15850
15851
15852
15853
15854
15855
15856
15858
15859
15860
15861
15862
15863
15864
15865
15866
15867
15868
15869
15870
15871
15872
15873
15874
15878
15880
15882
15884
15886
15887
15890
15893
15894
15895
15897
15898
15899
15901
15902
15903
15904
15905
15906
15907
15910
15911
15921
15924
15928
15930
15931
15932
15934
15944
15946
15947
15951
15954
15956
15957
15959
15960
15961
15962
15964
15965
15966
15967
15968
15969
15970
15971
15972
15973
15974
15976
15977
15978
15979
15980
15981
15982
15984
15985
15987
15988
15989
15990
15991
15992
15993
15994
15995
15997
16001
16002
16003
16004
16006
16008
16009
16016
16017
16018
16019
16020
16021
16022
16026
16027
16032
16033
16039
16041
16044
16045
16046
16048
16052
16053
16054
16055
16056
16062
16063
16064
16065
16071
16078
16080
16081
16083
16084
16086
16087
16088
16089
16096
16100
16102
16106
16107
16108
16109
16110
16111
16112
16113
16114
16115
16116
16117
16119
16122
16123
16124
16125
16126
16127
16128
16129
16131
16132
16133
16134
16135
16137
16138
16149
16150
16151
16152
16153
16158
16167
16175
16177
16178
16180
16189
16192
16194
16196
16198
16200
16207
16212
16215
16216
16217
16218
16219
16222
16223
16224
16225
16226
16227
16229
16231
